0 0 10 60 55 12 5 128 0.5
17 2 3 2 0.8
17 3 3 2 0.8
17 12 2 2 0.8
17 3 6 2 0.8
17 2 6 2 0.8
37 26 2 1 0.8

11 0 1
11 1 1
11 2 1
11 3 1
11 4 1
11 7 1
11 10 1
11 14 1
11 21 1
11 22 1
23 1 2
11 0 2
1 2 2
23 3 2
1 4 2
23 7 2
15 10 2
15 14 2
45 20 2
45 21 2
45 22 2
45 23 2
15 0 3

23 9 3
1 10 3
1 11 3
1 12 3
1 13 3
1 14 3
45 18 3
45 20 3
45 21 3
45 22 3
45 23 3
45 24 3
45 25 3
45 26 3
45 27 3
45 28 3
45 0 4
1 1 4
1 2 4
1 3 4
1 4 4
23 5 4
45 17 4
45 18 4
11 19 4
11 20 4
11 21 4
11 22 4
11 23 4
11 24 4
11 25 4
11 26 4
11 27 4
11 28 4
11 1 5
11 2 5
11 3 5
11 4 5
11 5 5
23 8 5
23 10 5
45 16 5
45 17 5
45 18 5
45 19 5
45 20 5
27 21 5
45 25 5
45 26 5
45 27 5
11 28 5
11 1 6
11 2 6
11 3 6
11 4 6
11 5 6
15 5 6
45 16 6
45 17 6
45 18 6
45 19 6
45 201 6
45 21 6
45 22 6
45 23 6
45 24 6
45 25 6
11 26 6
11 27 6
11 28 6
1 1 7
1 2 7
1 3 7
1 4 7
1 5 7
1 6 7
1 7 7
1 11 7
23 11 7
23 12 7
11 14 7
45 15 7
45 16 7
45 17 7
45 18 7
45 19 7
45 20 7
45 20 6
11 21 7
11 22 7
11 23 7
11 24 7
11 25 7
1 26 7
1 27 7
1 28 7
11 9 8
11 13 8
11 14 8
11 15 8
11 16 8
11 17 8
11 18 8
11 19 8
11 20 8
11 21 8
11 22 8
11 23 8
11 24 8
11 25 8
11 26 8
11 27 8
11 28 8
45 9 9
45 13 9
45 14 9
45 15 9
11 16 9
11 17 9
11 18 9
23 19 9
23 20 9
23 21 9
1 22 9
1 23 9
23 24 9
1 25 9
1 26 9
23 27 9
23 28 9
15 3 10
45 8 10
45 9 10
45 10 10
45 17 10

11 24 10
11 25 10
11 26 10
11 27 10
11 28 10
25 4 11
27 11 11
25 19 11







